#SCM values                                         Real       

# 26 sections
#place     sf            bm         sf            bm
154         -29.58759064      3.427973952       -23.88714286      1.557453846
139.595 -51.31134514      9.702932151       -43.78571429      6.580892308
125.14   -70.93912307      19.21824881       -66.04071429      15.86951538
110.505 -84.63640564      31.47819594       -82.97071429      25.99607692
95.74     -93.07118379      45.6066334          -87.28857143      39.26452308
80.975   -95.19126493      60.57422204       -95.67071429      54.16513077
66.205   -91.51741993      75.42329833       -90.15714286      68.62241538
51.44     -82.23155421      89.23701212       -94.87071429      70.80766923
36.675   -67.31257629      101.1263473       -69.18357143      95.62657692
21.91     -47.70595993      110.270769          -57.95142857      106.2582308
7.145     -25.25626543      116.0715427       -33.27642857      113.6038462
-7.625    -6.466892143      118.5944408       -12.95285714      117.7597385
-74.09    51.76891157       101.8543625       54.17571429       106.0509
-88.695 77.9389785          91.65384145       82.21428571       95.42707692
-103.305               98.57109021       77.76792606       104.2285714       80.82307692
-117.91 110.7999559       61.30250135       116.9271429       63.44433077
-132.48 112.694337          43.76851786       117.8242857       45.04223077
-146.995               99.8182215          27.15902499       104.5621429       27.65636154
-161.485               75.77208964       13.4589276          79.08642857       13.30150769
-175.975               42.84202179       4.204289056       45.89857143       4.666523077

#13 secs  sf            bm
167.2960002       -3.349274143      0.644089888
139.595 -51.41547129      8.812762186
110.505 -84.83947264      30.15553251
80.975   -95.50854836      58.83226034
51.44     -82.655136          87.16645315
21.91     -48.20605971      107.9743762
-7.625    -6.998874429      116.753798
-46.08399981      30.85987757       111.8124935
-74.09    51.35268729       99.41472865
-103.305               98.28400757       75.8751507
-132.48 112.5565766       42.7529044
-161.485               75.74728436       13.34346918

#10 secs  sf            bm
167.2960002       -3.454731643      0.664369422
139.595 -51.697719          8.890873934
95.74     -94.03487614      43.30451693
51.44     -83.80318629      85.72574146
7.145     -27.19395064      112.1998375
-46.08399981      -29.51345507      111.5349535
-88.695 76.61532921       87.18436772
-132.48 112.1830258       42.67224734
-161.485               75.68008586       13.3316353

#8 secs    sf            bm
154         -28.80286071      7.601073999
110.505 -82.2190815        33.60284197
66.205   -87.07874529      73.98688417
7.145     -19.04001879      107.7342878
-59.485 28.9939455          104.162995
-103.305               101.9880534       73.25728428
-146.995               100.6552948       25.58464979

#6 secs    sf            bm
125.14   -66.90209786      28.05205344
66.205   -81.50848714      75.1490145
7.145     -11.23903671      104.6441604
-59.485 35.92393971       95.78771508
-117.91 116.4702761       47.84509052

#4 secs    sf            bm
95.74     -84.538656          48.83016167
7.145     -8.100467357      93.02365703
-88.695 89.65786436       50.93496132
