real                                        calc trim                                            calc lcg                                                                                                                                                                                               
trim        draft      lcg       26     13          10          8            6           4       26           13           10           8              6              4       
2.35        13.11     -13.02    2.01   2.40        2.54        1.65        0.78        0.39      -13.06    -13.12    -13.21    -11.88    -11.14    -11.09
1.82        13.13     -12.21    1.61   1.86        2.02        1.12        0.24        -0.16     -12.25    -12.33    -12.42    -11.09    -10.31    -10.23
1.27        13.15     -11.38    1.20   1.31        1.47        0.57        -0.30      -0.68      -11.42    -11.49    -11.61    -10.27    -9.48      -9.43
0.73        13.16     -10.58    0.80   0.79        0.95        0.00        -0.88      -1.20      -10.62    -10.72    -10.84    -9.43      -8.59      -8.63
0.20        13.18     -9.79     0.39     0.26        0.42        -0.50      -1.37      -1.71     -9.82      -9.91      -10.05    -8.68      -7.84      -7.85
-0.32      13.20     -9.01      0.00    -0.26      -0.11      -1.01      -1.87      -2.22        -9.04      -9.13      -9.26      -7.92      -7.08      -7.06
-0.82      13.21     -8.25      -0.40    -0.76      -0.61      -1.54      -2.40      -2.72       -8.29      -8.38      -8.51      -7.13      -6.28      -6.28
-1.34      13.23     -7.47      -0.80    -1.28      -1.12      -2.03      -2.93      -3.20       -7.51      -7.60      -7.76      -6.41      -5.46      -5.54
-1.85      13.25     -6.71      -1.21    -1.79      -1.66      -2.57      -3.44      -3.79       -6.74      -6.83      -6.95      -5.60      -4.69      -4.64
-2.35      13.26     -5.96      -1.61    -2.29      -2.14      -3.08      -3.94      -4.29       -6.00      -6.09      -6.23      -4.84      -3.92      -3.86




