# data for submerged area (m^2) as a function of draft (m) of area 
# as given in Bonjean Table of Emma Maersk

# Draft (m)                                           
2.500000e-02  0.0   0.0    0.0   0.0    0.0    0.0    0.01    0.01   0.02   0.03    0.04    0.08    0.14    0.23    0.35    0.5      0.69
1.025000e+00  0.0   0.0    0.0   0.01   0.34   1.7    2.24    2.77   3.47   4.38    5.52    8.55    12.69   18.2    25.09   32.99    41.23
2.025000e+00  0.0   0.0    0.05  1.17   2.14   4.96   6.5     8.01   9.83   12.02   14.64   21.37   30.48   42.28   56.36   71.64    86.78
3.025000e+00  0.0   0.0    1.55  3.68   5.12   9.36   12.12   14.9   18.09  21.78   26.09   36.99   51.58   70.06   91.3    113.56   134.93
4.025000e+00  0.0   0.0    4.35  7.21   9.06   14.7   18.81   23.04  27.78  33.18   39.36   54.85   75.34   100.66  128.97  157.82   184.91
5.025000e+00  0.0   0.12   8.1   11.58  13.81  20.85  26.36   32.16  38.61  45.89   54.17   74.66   101.37  133.63  168.85  203.96   236.32
6.025000e+00  0.0   2.13   12.65 16.68  19.27  27.65  34.62   42.06  50.38  59.74   70.32   96.24   129.44  168.66  210.61  251.66   288.87
7.025000e+00  0.0   5.4    17.83 22.36  25.28  34.96  43.39   52.6   62.95  74.59   87.73   119.48  159.37  205.55  254.03  300.71   342.34
8.025000e+00  0.71  9.5    23.48 28.47  31.69  42.6   52.53   63.61  76.2   90.38   106.3   144.28  191.06  244.15  298.95  350.92   396.55
9.025000e+00  3.14  14.17  29.46 34.83  38.3   50.37  61.84   74.98  90.05  107.03  125.99  170.61  224.41  284.34  345.23  402.16   451.38
1.002500e+01  6.29  19.19  35.56 41.24  44.93  58.04  71.13   86.55  104.42 124.51  146.8   198.43  259.38  326.04  392.76  454.32   506.69
1.102500e+01  9.79  24.33  41.58 47.47  51.32  65.37  80.16   98.18  119.25 142.83  168.74  227.75  295.93  369.17  441.45  507.27   562.39
1.202500e+01  13.32 29.35  47.19 53.18  57.13  72.04  88.76   109.83 134.55 162.03  191.87  258.6   334.02  413.66  491.2   560.93   618.37
1.302500e+01  16.51 33.9   51.95 57.84  61.78  77.66  97.01   121.66 150.46 182.23  216.28  291.0   373.64  459.46  541.93  615.19   674.56
1.402500e+01  18.84 37.54  55.1  60.49  64.32  82.27  105.19  133.95 167.23 203.57  242.06  324.99  414.77  506.51  593.57  669.98   730.89
1.502500e+01  19.1  39.08  55.65 60.69  64.79  86.5   113.64  146.99 185.1  226.24  269.34  360.61  457.39  554.74  646.02  725.2    787.3
1.602500e+01  19.1  39.08  55.65 60.69  64.82  90.83  122.7   161.06 204.3  250.44  298.27  397.92  501.48  604.1   699.22  780.78   843.74
1.702500e+01  19.1  39.08  55.65 60.69  65.03  95.6   132.65  176.44 225.07 276.37  329.0   436.94  547.01  654.53  753.08  836.64   900.18
1.802500e+01  19.1  39.08  55.65 60.69  65.47  101.02 143.71  193.34 247.64 304.23  361.68  477.72  593.94  705.95  807.52  892.73   956.63
1.902500e+01  19.1  39.08  55.65 60.69  66.26  107.25 156.07  211.96 272.22 334.2   396.44  520.27  642.24  758.31  862.48  948.98   1013.07
2.002500e+01  19.1  39.08  55.65 60.76  67.53  114.47 169.92  232.49 298.99 366.47  433.41  564.61  691.85  811.52  917.86  1005.34  1069.51
2.102500e+01  19.1  39.08  55.65 61.29  69.42  122.86 185.46  255.13 328.11 401.16  472.67  610.71  742.72  865.51  973.6   1061.77  1125.95
2.202500e+01  19.1  39.08  55.65 62.43  72.06  132.6  202.87  280.02 359.73 438.35  514.23  658.56  794.79  920.19  1029.62 1118.21  1182.39
2.302500e+01  19.1  39.08  55.65 64.32  75.6   143.88 222.34  307.33 393.92 478.05  558.06  708.08  847.96  975.44  1085.84 1174.65  1238.84
2.402500e+01  19.1  39.08  55.79 67.12  80.23  156.9  244.02  337.12 430.68 520.17  604.08  759.22  902.15  1031.17 1142.19 1231.09  1295.28
2.502500e+01  19.1  39.08  56.85 71.02  86.11  171.84 268.03  369.45 469.94 564.6   652.16  811.88  957.2   1087.25 1198.61 1287.53  1351.72
2.602500e+01  19.1  39.08  58.99 76.19  93.45  188.84 294.44  404.27 511.56 611.18  702.17  865.9   1012.93 1143.56 1255.05 1343.98  1408.16
2.702500e+01  19.1  39.08  62.4  82.84  102.45 208.04 323.27  441.52 555.42 659.76  753.94  921.02  1069.12 1199.98 1311.49 1400.42  1464.6
2.802500e+01  19.1  39.08  67.28 91.16  113.29 229.53 354.53  481.07 601.35 710.16  807.24  976.91  1125.53 1256.43 1367.94 1456.86  1521.05
2.902500e+01  19.1  39.08  73.82 101.34 126.13 253.36 388.13  522.8  649.21 762.18  861.79  1033.22 1181.97 1312.87 1424.38 1513.3   1577.49
3.002500e+01  19.1  39.08  82.21 113.55 141.1  279.52 424.0   566.58 698.83 815.62  917.31  1089.66 1238.41 1369.31 1480.82 1569.74  1633.93
3.022500e+01  19.1  39.08  84.12 116.25 144.37 285.04 431.44  575.57 708.95 826.45  928.49  1100.95 1249.7  1380.6  1492.11 1581.03  1645.22




0.89
48.43
99.58
152.62
206.92
262.07
317.82
373.94
430.27
486.7
543.14
599.59
656.03
712.47
768.91
825.35
881.8
938.24
994.68
1051.12
1107.56
1164.01
1220.45
1276.89
1333.33
1389.77
1446.22
1502.66
1559.1
1615.54
1671.98
1683.27


0.99
51.84
105.67
160.98
217.09
273.51
329.95
386.39
442.84
499.28
555.72
612.16
668.6
725.05
781.49
837.93
894.37
950.81
1007.26
1063.7
1120.14
1176.58
1233.02
1289.47
1345.91
1402.35
1458.79
1515.23
1571.68
1628.12
1684.56
1695.85


0.96
51.2
104.77
159.91
215.89
272.25
328.69
385.13
441.58
498.02
554.46
610.9
667.34
723.79
780.23
836.67
893.11
949.55
1006.0
1062.44
1118.88
1175.32
1231.76
1288.21
1344.65
1401.09
1457.53
1513.97
1570.42
1626.86
1683.3
1694.59


0.8
47.18
98.7
152.48
207.56
263.41
319.67
376.09
432.53
488.97
545.42
601.86
658.3
714.74
771.18
827.63
884.07
940.51
996.95
1053.39
1109.84
1166.28
1222.72
1279.16
1335.6
1392.05
1448.49
1504.93
1561.37
1617.81
1674.26
1685.55


0.47
35.81
80.78
130.19
182.22
235.98
290.89
346.57
402.71
459.07
515.51
571.95
628.39
684.84
741.28
797.72
854.16
910.6
967.05
1023.49
1079.93
1136.37
1192.81
1249.26
1305.7
1362.14
1418.58
1475.02
1531.47
1587.91
1644.35
1655.64


0.21
20.72
50.68
88.73
132.55
180.32
230.88
283.44
337.43
392.42
448.08
504.18
560.5
616.93
673.37
729.81
786.25
842.69
899.14
955.58
1012.02
1068.46
1124.9
1181.35
1237.79
1294.23
1350.67
1407.11
1463.56
1520.0
1576.44
1587.73


0.11
11.81
27.95
47.49
72.56
105.05
143.99
187.85
235.36
285.56
337.75
391.39
446.08
501.5
557.4
613.61
669.98
726.42
782.86
839.3
895.74
952.19
1008.63
1065.07
1121.51
1177.95
1234.4
1290.84
1347.28
1403.72
1460.16
1471.45


0.08
7.77
17.92
29.15
41.1
53.88
68.53
89.08
118.7
155.68
198.0
244.25
293.42
344.8
397.81
452.02
507.07
562.71
618.74
675.02
731.43
787.87
844.31
900.75
957.19
1013.64
1070.08
1126.52
1182.96
1239.4
1295.85
1307.13


0.07
6.61
15.26
24.74
34.51
44.3
54.14
64.56
77.52
99.1
130.86
169.57
213.11
260.22
310.04
361.88
415.22
469.65
524.85
580.6
636.7
693.02
749.44
805.89
862.33
918.77
975.21
1031.65
1088.1
1144.54
1200.98
1212.27


0.06
5.45
12.77
20.88
29.17
37.28
44.98
52.28
59.43
67.33
79.35
103.57
137.72
178.05
222.74
270.71
321.14
373.44
427.1
481.75
537.12
592.98
649.16
705.53
761.97
818.41
874.85
931.29
987.73
1044.18
1100.62
1111.91


0.04
4.02
9.85
16.52
23.45
30.23
36.52
42.14
47.01
51.27
55.46
61.01
75.31
103.78
140.41
182.38
228.27
277.11
328.19
380.94
434.93
489.82
545.36
601.35
657.62
714.03
770.47
826.91
883.35
939.8
996.24
1007.53


0.0
0.91
4.26
8.89
14.12
19.31
23.96
27.79
30.6
32.37
33.28
33.61
34.05
39.03
61.47
94.19
133.29
176.98
224.11
273.85
325.57
378.78
433.1
488.24
543.97
600.09
656.45
712.88
769.33
825.77
882.21
893.5


0.0
0.0
0.0
0.0
0.0
0.0
0.0
0.0
0.0
0.0
0.0
0.0
0.0
0.0
1.57
19.63
48.98
85.42
126.98
172.4
220.76
271.37
323.72
377.39
432.05
487.46
543.38
599.64
656.06
712.5
768.95
780.23


0.0
0.0
0.0
0.0
0.0
0.0
0.0
0.0
0.0
0.0
0.0
0.0
0.0
0.0
0.0
1.43
17.49
44.56
78.95
118.75
162.66
209.73
259.25
310.7
363.65
417.78
472.8
528.48
584.61
640.99
697.43
708.71


0.0
0.0
0.0
0.0
0.0
0.0
0.0
0.0
0.0
0.0
0.0
0.0
0.0
0.0
0.0
0.2
12.56
37.18
69.73
108.07
150.82
196.95
245.71
296.54
349.0
402.75
457.48
512.95
568.95
625.27
681.71
693.0


0.0
0.0
0.0
0.0
0.0
0.0
0.0
0.0
0.0
0.0
0.0
0.0
0.0
0.0
0.0
0.0
8.76
31.01
61.8
98.76
140.4
185.63
233.66
283.89
335.87
389.22
443.66
498.92
554.78
611.02
667.45
678.73































 
 0.0    0.0    0.0    0.0    0.0    0.0    0.0    0.01   0.01   0.02   0.03   0.04   0.08   0.14   0.23   0.35   0.5    0.69   0.89   0.99   0.96   0.8    0.47   0.21   0.11   0.08   0.07   0.06   0.04       0.0    0.0    0.0    0.0    0.0    
0.0    0.0    0.0    0.0    0.01   0.34   1.7    2.24   2.77   3.47   4.38   5.52   8.55   12.69  18.2       25.09  32.99  41.23  48.43  51.84  51.2   47.18  35.81  20.72  11.81  7.77   6.61   5.45   4.02       0.91   0.0    0.0    0.0    0.0    
0.0    0.0    0.0    0.05   1.17   2.14   4.96   6.5    8.01   9.83   12.02  14.64  21.37  30.48  42.28       56.36  71.64  86.78  99.58  105.67 104.77 98.7   80.78  50.68  27.95  17.92  15.26  12.77  9.85       4.26   0.0    0.0    0.0    0.0    
0.0    0.0    0.0    1.55   3.68   5.12   9.36   12.12  14.9   18.09  21.78  26.09  36.99  51.58  70.06       91.3   113.56 134.93 152.62 160.98 159.91 152.48 130.19 88.73  47.49  29.15  24.74  20.88  16.52       8.89   0.0    0.0    0.0    0.0    
0.0    0.0    1.21   4.35   7.21   9.06   14.7   18.81  23.04  27.78  33.18  39.36  54.85  75.34       100.66 128.97 157.82 184.91 206.92 217.09 215.89 207.56 182.22 132.55 72.56  41.1   34.51  29.17       23.45  14.12  0.0    0.0    0.0    0.0    
0.0    0.12   3.98   8.1    11.58  13.81  20.85  26.36  32.16  38.61  45.89  54.17  74.66  101.37       133.63 168.85 203.96 236.32 262.07 273.51 272.25 263.41 235.98 180.32 105.05 53.88  44.3   37.28       30.23  19.31  0.0    0.0    0.0    0.0    
0.0    2.13   7.74   12.65  16.68  19.27  27.65  34.62  42.06  50.38  59.74  70.32  96.24  129.44       168.66 210.61 251.66 288.87 317.82 329.95 328.69 319.67 290.89 230.88 143.99 68.53  54.14  44.98       36.52  23.96  0.0    0.0    0.0    0.0    
0.0    5.4    12.24  17.83  22.36  25.28  34.96  43.39  52.6   62.95  74.59  87.73  119.48 159.37       205.55 254.03 300.71 342.34 373.94 386.39 385.13 376.09 346.57 283.44 187.85 89.08  64.56  52.28       42.14  27.79  0.0    0.0    0.0    0.0    
0.71   9.5    17.32  23.48  28.47  31.69  42.6   52.53  63.61  76.2   90.38  106.3  144.28 191.06       244.15 298.95 350.92 396.55 430.27 442.84 441.58 432.53 402.71 337.43 235.36 118.7  77.52  59.43       47.01  30.6   0.0    0.0    0.0    0.0    
3.14   14.17  22.81  29.46  34.83  38.3   50.37  61.84  74.98  90.05  107.03 125.99 170.61 224.41       284.34 345.23 402.16 451.38 486.7  499.28 498.02 488.97 459.07 392.42 285.56 155.68 99.1   67.33       51.27  32.37  0.0    0.0    0.0    0.0    
6.29   19.19  28.53  35.56  41.24  44.93  58.04  71.13  86.55  104.42 124.51 146.8  198.43 259.38       326.04 392.76 454.32 506.69 543.14 555.72 554.46 545.42 515.51 448.08 337.75 198.0  130.86 79.35       55.46  33.28  0.0    0.0    0.0    0.0    
9.79   24.33  34.27  41.58  47.47  51.32  65.37  80.16  98.18  119.25 142.83 168.74 227.75 295.93       369.17 441.45 507.27 562.39 599.59 612.16 610.9  601.86 571.95 504.18 391.39 244.25 169.57       103.57 61.01  33.61  0.0    0.0    0.0    0.0    
13.32  29.35  39.75  47.19  53.18  57.13  72.04  88.76  109.83 134.55 162.03 191.87 258.6  334.02       413.66 491.2  560.93 618.37 656.03 668.6  667.34 658.3  628.39 560.5  446.08 293.42 213.11       137.72 75.31  34.05  0.0    0.0    0.0    0.0    
16.51  33.9   44.57  51.95  57.84  61.78  77.66  97.01  121.66 150.46 182.23 216.28 291.0  373.64       459.46 541.93 615.19 674.56 712.47 725.05 723.79 714.74 684.84 616.93 501.5  344.8  260.22       178.05 103.78 39.03  0.0    0.0    0.0    0.0    
18.84  37.54  48.17  55.1   60.49  64.32  82.27  105.19 133.95 167.23 203.57 242.06 324.99 414.77       506.51 593.57 669.98 730.89 768.91 781.49 780.23 771.18 741.28 673.37 557.4  397.81 310.04       222.74 140.41 61.47  1.57   0.0    0.0    0.0    
19.1   39.08  49.35  55.65  60.69  64.79  86.5   113.64 146.99 185.1  226.24 269.34 360.61 457.39       554.74 646.02 725.2  787.3  825.35 837.93 836.67 827.63 797.72 729.81 613.61 452.02 361.88       270.71 182.38 94.19  19.63  1.43   0.2    0.0    
19.1   39.08  49.35  55.65  60.69  64.82  90.83  122.7  161.06 204.3  250.44 298.27 397.92 501.48 604.1       699.22 780.78 843.74 881.8  894.37 893.11 884.07 854.16 786.25 669.98 507.07 415.22 321.14       228.27 133.29 48.98  17.49  12.56  8.76   
19.1   39.08  49.35  55.65  60.69  65.03  95.6   132.65 176.44 225.07 276.37 329.0  436.94 547.01       654.53 753.08 836.64 900.18 938.24 950.81 949.55 940.51 910.6  842.69 726.42 562.71 469.65       373.44 277.11 176.98 85.42  44.56  37.18  31.01  
19.1   39.08  49.35  55.65  60.69  65.47  101.02 143.71 193.34 247.64 304.23 361.68 477.72 593.94       705.95 807.52 892.73 956.63 994.68 1007.26       1006.0 996.95 967.05 899.14 782.86 618.74       524.85 427.1  328.19 224.11 126.98 78.95  69.73  61.8   
19.1   39.08  49.35  55.65  60.69  66.26  107.25 156.07 211.96 272.22 334.2  396.44 520.27 642.24       758.31 862.48 948.98 1013.07       1051.12       1063.7 1062.44       1053.39       1023.49       955.58 839.3  675.02 580.6  481.75 380.94 273.85 172.4  118.75 108.07 98.76  
19.1   39.08  49.35  55.65  60.76  67.53  114.47 169.92 232.49 298.99 366.47 433.41 564.61 691.85       811.52 917.86 1005.34       1069.51       1107.56       1120.14       1118.88       1109.84       1079.93       1012.02       895.74 731.43 636.7  537.12 434.93 325.57 220.76 162.66 150.82 140.4       
19.1   39.08  49.35  55.65  61.29  69.42  122.86 185.46 255.13 328.11 401.16 472.67 610.71 742.72       865.51 973.6  1061.77       1125.95       1164.01       1176.58       1175.32       1166.28       1136.37       1068.46       952.19 787.87 693.02 592.98 489.82 378.78 271.37 209.73 196.95       185.63 
19.1   39.08  49.35  55.65  62.43  72.06  132.6  202.87 280.02 359.73 438.35 514.23 658.56 794.79       920.19 1029.62       1118.21       1182.39       1220.45       1233.02       1231.76       1222.72       1192.81       1124.9 1008.63       844.31 749.44 649.16 545.36 433.1  323.72       259.25 245.71 233.66 
19.1   39.08  49.35  55.65  64.32  75.6   143.88 222.34 307.33 393.92 478.05 558.06 708.08 847.96       975.44 1085.84       1174.65       1238.84       1276.89       1289.47       1288.21       1279.16       1249.26       1181.35       1065.07       900.75 805.89 705.53 601.35 488.24       377.39 310.7  296.54 283.89 
19.1   39.08  49.35  55.79  67.12  80.23  156.9  244.02 337.12 430.68 520.17 604.08 759.22 902.15       1031.17       1142.19       1231.09       1295.28       1333.33       1345.91       1344.65       1335.6 1305.7 1237.79       1121.51       957.19 862.33 761.97 657.62 543.97 432.05 363.65 349.0       335.87 
19.1   39.08  49.35  56.85  71.02  86.11  171.84 268.03 369.45 469.94 564.6  652.16 811.88 957.2       1087.25       1198.61       1287.53       1351.72       1389.77       1402.35       1401.09       1392.05       1362.14       1294.23       1177.95       1013.64       918.77 818.41 714.03       600.09 487.46 417.78 402.75 389.22 
19.1   39.08  49.35  58.99  76.19  93.45  188.84 294.44 404.27 511.56 611.18 702.17 865.9  1012.93       1143.56       1255.05       1343.98       1408.16       1446.22       1458.79       1457.53       1448.49       1418.58       1350.67       1234.4 1070.08       975.21 874.85 770.47 656.45       543.38 472.8  457.48 443.66 
19.1   39.08  49.35  62.4   82.84  102.45 208.04 323.27 441.52 555.42 659.76 753.94 921.02 1069.12       1199.98       1311.49       1400.42       1464.6 1502.66       1515.23       1513.97       1504.93       1475.02       1407.11       1290.84       1126.52       1031.65       931.29       826.91 712.88 599.64 528.48 512.95 498.92 
19.1   39.08  49.79  67.28  91.16  113.29 229.53 354.53 481.07 601.35 710.16 807.24 976.91 1125.53       1256.43       1367.94       1456.86       1521.05       1559.1 1571.68       1570.42       1561.37       1531.47       1463.56       1347.28       1182.96       1088.1 987.73 883.35       769.33 656.06 584.61 568.95 554.78 
19.1   39.08  52.02  73.82  101.34 126.13 253.36 388.13 522.8  649.21 762.18 861.79 1033.22       1181.97       1312.87       1424.38       1513.3 1577.49       1615.54       1628.12       1626.86       1617.81       1587.91       1520.0 1403.72       1239.4 1144.54       1044.18       939.8  825.77 712.5  640.99 625.27 611.02 
19.1   39.08  56.05  82.21  113.55 141.1  279.52 424.0  566.58 698.83 815.62 917.31 1089.66       1238.41       1369.31       1480.82       1569.74       1633.93       1671.98       1684.56       1683.3 1674.26       1644.35       1576.44       1460.16       1295.85       1200.98       1100.62       996.24 882.21 768.95 697.43 681.71 667.45 
19.1   39.08  57.08  84.12  116.25 144.37 285.04 431.44 575.57 708.95 826.45 928.49 1100.95       1249.7 1380.6 1492.11       1581.03       1645.22       1683.27       1695.85       1694.59       1685.55       1655.64       1587.73       1471.45       1307.13       1212.27       1111.91       1007.53       893.5  780.23 708.71 693.0  678.73 

 
 
 
 
 
 
 
 
 
 
 
 
 
 
 
 
 
 
 
 
 
 
 
 
 
 
 
 
 
 




























































